191
4 50
4 145
5 53
5 55
7 116
7 121
7 134
12 81
12 93
12 179
13 1
13 190
15 8
15 120
15 131
16 66
16 171
16 177
18 160
18 178
20 104
20 161
23 10
23 137
25 43
25 63
30 20
30 36
30 62
33 0
33 122
34 18
34 86
34 106
36 21
36 100
36 167
39 115
39 140
40 14
40 74
40 174
42 5
42 155
42 183
43 48
43 75
44 54
44 95
47 27
47 38
47 162
48 123
48 152
53 52
53 61
55 56
55 73
57 19
57 92
62 9
62 28
62 83
63 109
63 124
65 31
65 89
66 68
66 135
66 150
70 41
70 98
70 157
71 24
71 29
71 113
72 118
72 132
72 156
75 57
75 144
75 186
77 60
77 110
78 25
78 96
78 159
84 30
84 129
84 181
85 2
85 97
85 149
86 99
86 133
96 7
96 42
96 101
101 16
101 34
105 37
105 173
106 11
106 180
109 77
109 125
109 188
116 13
116 138
116 154
117 169
117 189
118 12
118 176
118 187
121 39
121 70
121 182
123 94
123 153
124 44
124 147
125 22
125 108
125 111
126 69
126 80
126 185
129 33
129 47
129 117
132 105
132 158
134 4
134 165
136 3
136 82
136 142
138 49
138 107
144 17
144 76
144 87
147 88
147 103
152 59
152 127
152 164
154 64
154 67
155 71
155 136
156 40
156 65
156 85
158 139
158 170
158 191
159 72
159 84
163 102
163 112
165 91
165 172
171 26
171 51
176 45
176 141
176 166
177 130
177 146
177 175
181 126
181 163
181 184
182 35
182 79
183 15
183 23
184 32
184 119
184 128
186 6
186 46
186 168
187 58
187 90
187 151
188 114
188 143
188 148